{
    "B3": 2,
    "B7": 1200,
    "B8": 100,
    "B11": 1.15,
    "B14": 1,
    "B15": 1,
    "B16": 100,
    "B18": 1000,
    "B20": 0.7,
    "B21": 35,
    "B23": 5,
    "B26": 2.65,
    "B29": 14.7,
    "B30": 60,
    "B31": 14.7,
    "B48": 2,
    "B68": 0.1,
    "B69": 0.2,
    "B70": 500,
    "B71": 2,
    "B72": 0.2,
    "A108": 3,
    "C101": 700,
    "C102": 950,
    "C103": 1400,
    "C104": 4000,
    "C105": 10000,
    "E101": 3,
    "E102": 1.5,
    "E103": 2,
    "E104": 20,
    "E105": 50,
    "F101": 0.4,
    "F102": 0.4,
    "F103": 0.3,
    "F104": 0.2,
    "F105": 0.2,
    "G101": 1,
    "G102": 1.5,
    "G103": 1,
    "G104": 1.1,
    "G105": 1.1,
    "H101": 0.6,
    "H102": 0.5,
    "H103": 0.45,
    "H104": 0.3,
    "H105": 0.45,
    "I101": 0,
    "I102": 50,
    "I103": 65,
    "I104": 85,
    "I105": 150,
    "B113": 1,
    "B114": 1,
    "B115": 1,
    "C113": 0.5,
    "C114": 0.5,
    "C115": 0.5,
    "D113": 0,
    "D114": 0,
    "D115": 0,
    "A131": 2,
    "A143": 3,
    "A155": 1,
    "B514": 1,
    "C514": 0
}




B68: 0.1
B69: 0.2
B70: 500
B71: 2
B72: 0.2
B75: 1400
B76: 3.106055743634739
B81: 0.75
B88: 0.26854545454545453
B91: "NaN"
C68: 0
C69: 0.00029953094235505114
C70: 53.952888178653275
C71: 3.435208748817775
C72: 0.013743318374066893
C73: 13.952096760608388
C74: 2
C75: 847.9079193781024
C76: 3.106055743634739
C77: 0.03131560874505503
C78: 17.88536825745292
C79: 0.9207023712363188
C80: "NaN"
C81: 0.5808027577439087
C82: 1.4631994123862948
C83: 0.8498302538432265
C84: 1263.883309223103
C85: "NaN"
C86: "NaN"
C87: "NaN"
C88: 0.26854545454545453
C89: "NaN"
C90: "NaN"
C91: "NaN"
C92: 0
H14: 6.11927343917312
H15: 6.4881523145483575
H16: 6.129698956765709
H17: 8.340016146238769
H18: 1.2854223732599472
H19: 2.2132732522514265
H20: 2.1555281396954546
H21: 23108.439854624223
H24: 196530.9533271809
H28: -13.511847685451642
H29: -71.65998385376123
H30: 99
H31: -8.714577626740052
H32: -1.2145776267400528
H33: -0.1
H34: -0.16919724225609134
H35: 99
H36: 0
H37: -0.23054767513329066
H38: -446.04711182134673
H39: -0.19970046905764496
H40: 1.4352087488177752
H41: -0.18625668162593312
H42: -0.09632762536911432
H43: 0.11927343917311983
H44: -0.8426539047441919
H51: 16
H52: 12
H53: 3
H59: 6.11927343917312
H60: 4
H61: 3.25
H62: 2.5
H63: 1.75
H64: 1
